36 28 19854
24798 16449 46903 10086 47172 1394 36170 19724 32921 46497 1196 14767 20064 45513 4543 23098 26924 10251 14312 42045 21758 9965 49958 29807 35289 46093 1386 18973 2285 36447 19665 7676 48529 18307 12486 15056 
32640 14713
9502 28409
8090 193
39973 41492
34204 1428
47349 16880
27127 19129
9425 21132
28978 31505
8336 46557
34327 40994
1884 14908
34378 12727
2273 3893
3714 12758
30080 23150
37843 1715
16857 28407
33994 8942
10092 27225
46486 18847
6505 36729
23016 6666
20360 11561
43446 41047
45302 24851
46623 19335
24442 31476
#15

8 7 13
17 4 1 6 10 2 5 8 
15 12
10 13
17 13
3 13
8 14
14 11
14 10
#3







1 5 3
3
2 2
1 1
5 1
4 2
3 3
#5

4 8 4
6 1 4 9
7 2
3 3
4 5
5 1
2 2
1 4
8 4
9 4
#6