10
6 11
1 1 1 1 1 1
1 1 0 0 0 1
1 0 0 0 0 1
1 1 0 0 0 1
1 0 0 0 0 1
1 1 1 1 1 1
6 10
1 1 1 1 1 1
1 0 1 0 1 1
1 1 0 1 0 1
1 0 1 0 1 1
1 1 0 1 0 1
1 1 1 1 1 1
7 26
1 1 1 1 1 1 1
1 0 0 0 0 0 1
1 1 0 1 0 0 1
1 0 0 0 0 1 1
1 0 1 0 0 0 1
1 0 0 1 0 0 1
1 1 1 1 1 1 1
7 32
1 1 1 1 1 1 1
1 1 0 0 1 0 1
1 0 1 0 0 0 1
1 0 1 1 0 0 1
1 0 0 1 0 0 1
1 1 0 0 0 1 1
1 1 1 1 1 1 1
7 35
1 1 1 1 1 1 1
1 1 0 0 1 1 1
1 0 0 0 0 0 1
1 1 0 0 1 0 1
1 0 0 1 0 0 1
1 0 1 0 0 1 1
1 1 1 1 1 1 1
8 40
1 1 1 1 1 1 1 1
1 0 0 0 0 0 1 1
1 0 0 1 1 0 1 1
1 0 1 0 1 0 0 1
1 0 0 0 1 0 1 1
1 0 1 1 0 0 0 1
1 1 0 0 0 1 1 1
1 1 1 1 1 1 1 1
8 42
1 1 1 1 1 1 1 1
1 0 0 0 0 1 0 1
1 0 0 1 0 1 0 1
1 1 0 1 0 0 0 1
1 0 0 0 0 0 1 1
1 1 0 1 1 0 1 1
1 0 0 0 0 0 0 1
1 1 1 1 1 1 1 1
9 45
1 1 1 1 1 1 1 1 1
1 0 1 1 1 0 0 1 1
1 0 0 0 1 0 0 0 1
1 0 0 0 1 0 1 1 1
1 1 1 0 1 0 0 0 1
1 1 0 1 1 0 0 1 1
1 1 1 0 1 1 0 0 1
1 0 0 0 0 1 0 0 1
1 1 1 1 1 1 1 1 1
9 48
1 1 1 1 1 1 1 1 1
1 0 1 0 0 0 0 1 1
1 0 1 0 0 0 1 0 1
1 0 1 0 0 0 0 0 1
1 1 0 0 1 0 1 1 1
1 1 0 0 0 1 1 1 1
1 0 0 1 0 1 1 0 1
1 1 1 0 1 1 1 1 1
1 1 1 1 1 1 1 1 1
9 50
1 1 1 1 1 1 1 1 1
1 0 1 1 1 0 0 1 1
1 0 1 0 0 1 0 1 1
1 0 1 0 0 0 0 1 1
1 1 1 0 0 0 0 1 1
1 0 0 1 1 1 1 1 1
1 1 0 0 1 1 0 1 1
1 1 1 1 0 0 1 0 1
1 1 1 1 1 1 1 1 1